166.66666666666666 5216.0 0.10800000000000001 1.0
166.66666666666666 1029.0 0.09000000000000001 1.0
166.66666666666666 3285.0 0.066 1.0
166.66666666666666 3039.0 0.084 1.0
250.0 4448.0 0.064 1.0
166.66666666666666 4425.0 0.096 1.0
166.66666666666666 2718.0 0.09000000000000001 1.0
166.66666666666666 4935.0 0.10200000000000001 1.0
23.809523809523807 2152.0 0.5880000000000001 1.0
83.33333333333333 685.0 0.192 1.0
166.66666666666666 3341.0 0.096 1.0
166.66666666666666 1731.0 0.10200000000000001 1.0
166.66666666666666 1219.0 0.07200000000000001 1.0
23.809523809523807 3233.0 0.7140000000000001 1.0
166.66666666666666 1334.0 0.114 1.0
250.0 1341.0 0.048 1.0
23.809523809523807 822.0 0.9240000000000002 1.0
250.0 773.0 0.06 1.0
166.66666666666666 1097.0 0.096 1.0
23.809523809523807 968.0 0.4620000000000001 1.0
166.66666666666666 2467.0 0.126 1.0
23.809523809523807 1110.0 0.5040000000000001 1.0
83.33333333333333 2270.0 0.14400000000000002 1.0
166.66666666666666 3669.0 0.114 1.0
23.809523809523807 306.0 0.7560000000000001 1.0
23.809523809523807 3033.0 0.5880000000000001 1.0
23.809523809523807 1453.0 0.6300000000000001 1.0
23.809523809523807 2862.0 0.6300000000000001 1.0
23.809523809523807 1895.0 0.546 1.0
23.809523809523807 3063.0 0.672 1.0
23.809523809523807 2086.0 0.798 1.0
83.33333333333333 2488.0 0.14400000000000002 1.0
166.66666666666666 2225.0 0.09000000000000001 1.0
23.809523809523807 2903.0 0.546 1.0
23.809523809523807 3824.0 0.6300000000000001 1.0
23.809523809523807 4189.0 0.7560000000000001 1.0
23.809523809523807 1124.0 0.37800000000000006 1.0
250.0 3917.0 0.048 1.0
23.809523809523807 1538.0 0.42000000000000004 1.0
23.809523809523807 1692.0 0.5040000000000001 1.0
166.66666666666666 1330.0 0.078 1.0
83.33333333333333 2697.0 0.168 1.0
166.66666666666666 1774.0 0.084 1.0
166.66666666666666 1019.0 0.078 1.0
250.0 1856.0 0.056 1.0
23.809523809523807 681.0 0.6300000000000001 1.0
166.66666666666666 885.0 0.09000000000000001 1.0
23.809523809523807 1549.0 0.5880000000000001 1.0
23.809523809523807 2509.0 0.7560000000000001 1.0
250.0 6253.0 0.06 1.0
250.0 1614.0 0.06 1.0
23.809523809523807 569.0 0.6300000000000001 1.0
166.66666666666666 3663.0 0.10800000000000001 1.0
166.66666666666666 2409.0 0.10200000000000001 1.0
23.809523809523807 1195.0 0.5040000000000001 1.0
23.809523809523807 734.0 0.6300000000000001 1.0
166.66666666666666 8866.0 0.132 1.0
23.809523809523807 5707.0 0.546 1.0
166.66666666666666 3051.0 0.10200000000000001 1.0
166.66666666666666 4580.0 0.12000000000000001 1.0
23.809523809523807 2841.0 0.42000000000000004 1.0
83.33333333333333 1043.0 0.132 1.0
166.66666666666666 902.0 0.084 1.0
166.66666666666666 1718.0 0.078 1.0
250.0 859.0 0.068 1.0
250.0 4188.0 0.052 1.0
83.33333333333333 1830.0 0.20400000000000001 1.0
166.66666666666666 266.0 0.114 1.0
166.66666666666666 2099.0 0.060000000000000005 1.0
166.66666666666666 3510.0 0.10800000000000001 1.0
23.809523809523807 1726.0 0.7140000000000001 1.0
23.809523809523807 2298.0 0.672 1.0
250.0 1455.0 0.056 1.0
83.33333333333333 3933.0 0.156 1.0
83.33333333333333 1815.0 0.18000000000000002 1.0
250.0 2033.0 0.056 1.0
250.0 861.0 0.056 1.0
23.809523809523807 2092.0 0.7560000000000001 1.0
23.809523809523807 618.0 0.672 1.0
83.33333333333333 2963.0 0.132 1.0
166.66666666666666 1057.0 0.07200000000000001 1.0
250.0 2075.0 0.06 1.0
23.809523809523807 1952.0 0.5880000000000001 1.0
23.809523809523807 1093.0 0.546 1.0
166.66666666666666 835.0 0.078 1.0
250.0 1920.0 0.072 1.0
23.809523809523807 563.0 0.42000000000000004 1.0
166.66666666666666 1897.0 0.084 1.0
23.809523809523807 1825.0 0.6300000000000001 1.0
166.66666666666666 2946.0 0.10200000000000001 1.0
23.809523809523807 876.0 0.5880000000000001 1.0
166.66666666666666 2172.0 0.084 1.0
166.66666666666666 2359.0 0.096 1.0
23.809523809523807 2637.0 0.672 1.0
166.66666666666666 2149.0 0.07200000000000001 1.0
250.0 1847.0 0.08 1.0
23.809523809523807 2773.0 0.5880000000000001 1.0
166.66666666666666 1609.0 0.10200000000000001 1.0
166.66666666666666 6730.0 0.060000000000000005 1.0
23.809523809523807 2544.0 0.7140000000000001 1.0
