598.6666666666666 3.0 1.4281737193763921 0.895
479.8095238095238 3.0 1.4505756252481143 0.875
406.66666666666663 3.0 1.4262295081967213 0.7830882352941176
563.1428571428571 3.0 1.4596651445966515 0.765625
611.3333333333334 3.0 1.4623773173391492 0.7163461538461539
921.8095238095239 3.0 1.541533216241347 0.75
358.66666666666663 3.0 1.4386617100371748 0.8708333333333333
587.3333333333334 3.0 1.5425652667423382 0.845
347.3333333333333 3.0 1.508637236084453 0.8166666666666667
275.3333333333333 3.0 1.5145278450363198 0.7760416666666666
742.6666666666666 3.0 1.440754039497307 0.7762096774193549
538.952380952381 3.0 1.4435412617070154 0.7364130434782609
419.3333333333333 3.0 1.4642289348171702 0.7604166666666666
526.6666666666666 3.0 1.4411392405063292 0.7727272727272727
635.1428571428571 3.0 1.454790823211876 0.7870370370370371
395.3333333333333 3.0 1.4873524451939293 0.8823529411764706
466.95238095238096 3.0 1.462675912706506 0.78125
418.95238095238096 3.0 1.541941350306888 0.8472222222222222
395.1428571428571 3.0 1.6095444685466378 0.8933823529411765
467.1428571428571 3.0 1.528440366972477 0.7625
419.1428571428571 3.0 1.534083162917519 0.8368055555555556
538.952380952381 3.0 1.502915709489309 0.7907608695652174
395.1428571428571 3.0 1.472885032537961 0.7647058823529411
347.1428571428571 3.0 1.4950617283950618 0.8708333333333333
491.1428571428571 3.0 1.4781849912739966 0.7172619047619048
539.1428571428571 3.0 1.4968203497615262 0.7744565217391305
454.66666666666663 3.0 1.4142228739002933 0.7927631578947368
694.4761904761905 3.0 1.4370543060888645 0.7758620689655172
958.6666666666666 3.0 1.4092489568845619 0.8140625
635.1428571428571 3.0 1.4847053531264058 0.7476851851851852
851.1428571428571 3.0 1.5191339375629407 0.7708333333333334
419.1428571428571 3.0 1.5364689843217452 0.7465277777777778
563.3333333333334 3.0 1.4573964497041418 0.7552083333333334
443.1428571428571 3.0 1.5322372662798196 0.7894736842105263
790.6666666666666 3.0 1.4759696458684655 0.7443181818181818
646.6666666666666 3.0 1.4907216494845361 0.8125
395.1428571428571 3.0 1.485538684020246 0.8051470588235294
478.66666666666663 3.0 1.5062674094707522 0.7875
539.3333333333334 3.0 1.5778739184177997 0.7880434782608695
370.95238095238096 3.0 1.5581514762516047 0.7734375
371.3333333333333 3.0 1.4865350089766607 0.7734375
454.66666666666663 3.0 1.4868035190615838 0.7532894736842105
179.14285714285714 3.0 1.6188197767145136 0.8203125
611.1428571428571 3.0 1.4628330995792427 0.8100961538461539
574.6666666666666 3.0 1.4599767981438516 0.7994791666666666
395.1428571428571 3.0 1.4906001446131598 0.8088235294117647
515.1428571428571 3.0 1.4772601220188575 0.75
179.14285714285714 3.0 1.5685805422647527 0.7890625
443.3333333333333 3.0 1.4593984962406015 0.8223684210526315
179.33333333333331 3.0 1.5557620817843867 0.7890625
419.1428571428571 3.0 1.4458077709611452 0.7777777777777778
443.3333333333333 3.0 1.549624060150376 0.8848684210526315
418.95238095238096 3.0 1.4249829506706069 0.8263888888888888
371.1428571428571 3.0 1.5762124711316399 0.83203125
287.8095238095238 3.0 1.4731965585704832 0.8541666666666666
251.33333333333331 3.0 1.484084880636605 0.8295454545454546
515.1428571428571 3.0 1.5277315585135887 0.7528409090909091
766.4761904761905 3.0 1.482107355864811 0.732421875
443.1428571428571 3.0 1.4464861379754999 0.75
995.3333333333334 3.0 1.443737441393168 0.7485119047619048
635.3333333333334 3.0 1.4228751311647427 0.8101851851851852
742.6666666666666 3.0 1.4326750448833034 0.8004032258064516
694.6666666666666 3.0 1.4812859884836853 0.790948275862069
550.6666666666666 3.0 1.5090799031476998 0.7554347826086957
467.3333333333333 3.0 1.4764621968616263 0.78125
347.1428571428571 3.0 1.5094650205761317 0.8708333333333333
575.8095238095239 3.0 1.458815745947734 0.8203125
262.66666666666663 3.0 1.503807106598985 0.7272727272727273
731.3333333333334 3.0 1.4945305378304465 0.7721774193548387
766.6666666666666 3.0 1.4843478260869567 0.78515625
563.3333333333334 3.0 1.4964497041420117 0.7942708333333334
467.1428571428571 3.0 1.4920489296636086 0.775
371.1428571428571 3.0 1.498075442648191 0.84765625
659.1428571428571 3.0 1.464022540095362 0.7857142857142857
755.1428571428571 3.0 1.488460083238744 0.7421875
443.1428571428571 3.0 1.4871050934880723 0.8519736842105263
515.1428571428571 3.0 1.4481419855795896 0.7670454545454546
430.66666666666663 3.0 1.4628482972136225 0.7569444444444444
574.6666666666666 3.0 1.4791183294663575 0.8151041666666666
574.4761904761905 3.0 1.4273872679045092 0.765625
611.1428571428571 3.0 1.4628330995792427 0.8533653846153846
515.3333333333334 3.0 1.4611901681759378 0.7642045454545454
803.3333333333334 3.0 1.4937759336099585 0.7573529411764706
779.3333333333334 3.0 1.5102651839178785 0.7821969696969697
491.3333333333333 3.0 1.497964721845319 0.7738095238095238
491.3333333333333 3.0 1.4755766621438264 0.7857142857142857
826.0 3.0 1.5024213075060533 0.7321428571428571
299.1428571428571 3.0 1.5477554918815666 0.7932692307692307
155.33333333333331 3.0 1.4871244635193135 0.8125
670.4761904761905 3.0 1.4780539772727272 0.7723214285714286
539.3333333333334 3.0 1.453646477132262 0.7472826086956522
670.6666666666666 3.0 1.4970178926441353 0.8191964285714286
563.1428571428571 3.0 1.5662100456621006 0.7994791666666666
742.6666666666666 3.0 1.4353680430879714 0.7318548387096774
562.952380952381 3.0 1.5027914058534935 0.7369791666666666
838.6666666666666 3.0 1.4069952305246423 0.7571428571428571
503.8095238095238 3.0 1.3775047258979207 0.8869047619047619
382.66666666666663 3.0 1.4790940766550524 0.72265625
419.1428571428571 3.0 1.4386503067484664 0.7638888888888888
563.3333333333334 3.0 1.5550295857988166 0.8125
