299.1428571428571 4812.2307692307695 0.511461318051576 0.4146920654697123
395.3333333333333 3685.6470588235293 0.3870151770657673 0.35554489850964155
574.6666666666666 6054.625 0.35498839907192575 0.27951154236035847
346.95238095238096 3396.6 0.37180894866867964 0.3632084682716297
275.1428571428571 4707.5 0.3779854620976117 0.46888575340244537
525.6614031403916 1242.3181818181818 0.34813284541479844 0.43455463052633475
275.3333333333333 6197.5 0.28329297820823246 0.49003517511251693
491.3333333333333 6488.857142857143 0.30325644504748983 0.45308253647093516
335.8095238095238 2876.9285714285716 0.3811684628474192 0.8373499142513234
382.66666666666663 1055.75 0.38675958188153314 0.43625864638201284
407.6190476190476 6158.823529411765 0.34100467289719627 0.6286888380845703
539.1428571428571 4467.086956521739 0.354266030736619 0.32116460211489617
443.3333333333333 5546.526315789473 0.35639097744360904 0.2621718243678356
575.8095238095239 5028.458333333333 0.3473370823685081 0.4027436451326843
358.4761904761905 4510.733333333334 0.3654357066950053 0.7037921119322142
622.6666666666666 3908.9615384615386 0.33886509635974305 0.3560674125750948
514.952380952381 10945.545454545454 0.3611984464582948 0.3428436718959565
539.3333333333334 10778.95652173913 0.35043263288009885 0.35607493976582105
454.66666666666663 6134.578947368421 0.4024926686217009 0.4085195093094139
515.1428571428571 3304.1363636363635 0.38824181919023854 0.27244816535183286
670.6666666666666 5506.428571428572 0.323558648111332 0.3577252356309949
406.66666666666663 2504.294117647059 0.3295081967213115 0.34537159545855245
550.4761904761905 5852.304347826087 0.3160899653979239 0.45401257685931795
383.8095238095238 3455.625 0.393424317617866 0.41414492804965247
454.66666666666663 7855.736842105263 0.3365102639296188 0.3154701798038757
670.6666666666666 14391.107142857143 0.35487077534791256 0.24385404603303457
323.1428571428571 3990.285714285714 0.328028293545535 0.6317783963132892
203.33333333333331 2455.1111111111113 0.4180327868852459 0.34800515546399824
755.3333333333334 12833.875 0.3759929390997352 0.4649960866587931
275.3333333333333 4028.9166666666665 0.37772397094430993 0.45523310958746416
598.6666666666666 12227.16 0.3992204899777283 0.4234613551366974
443.3333333333333 10666.21052631579 0.33834586466165417 0.3249689110590224
574.6666666666666 7167.333333333333 0.3288863109048724 0.4310783885888522
646.6666666666666 7890.851851851852 0.3664948453608248 0.482677380184444
227.14285714285714 5113.8 0.40943396226415096 0.36818401780362653
454.66666666666663 6228.473684210527 0.3233137829912024 0.253008482111185
515.1428571428571 3167.681818181818 0.32806433721575157 0.2944477595457999
347.3333333333333 3060.3333333333335 0.362763915547025 0.4872878489203486
502.4761904761905 1325.142857142857 0.3641963608794541 0.5327262611756629
299.3333333333333 2957.769230769231 0.35746102449888645 0.5861493843264524
587.3333333333334 10142.96 0.3422247446083995 0.20727572556799964
658.952380952381 2731.5714285714284 0.32324035265211737 0.3339693265200715
431.6190476190476 5505.388888888889 0.3313106796116505 0.4888478865015796
286.66666666666663 4545.916666666667 0.3348837209302326 0.48723164128837276
443.1428571428571 8567.421052631578 0.379110251450677 0.40190076513536205
491.3333333333333 6566.428571428572 0.31546811397557667 0.7679724206924535
478.2857142857142 3798.5 0.29271206690561535 0.250047424539895
443.1428571428571 4929.789473684211 0.3745970341715023 0.38930373797212126
526.6666666666666 4954.863636363636 0.3227848101265823 0.31482622192627024
502.66666666666663 3078.0476190476193 0.3461538461538462 0.357742671693353
395.3333333333333 3133.3529411764707 0.38448566610455315 0.2935974608854246
502.66666666666663 4937.9047619047615 0.37201591511936344 0.4767862515175071
502.66666666666663 3134.4761904761904 0.31432360742705573 0.4226901840181878
371.3333333333333 6212.6875 0.30969479353680435 0.4535621711084293
323.3333333333333 4219.642857142857 0.31855670103092787 0.4706074858110293
371.3333333333333 5033.5 0.3285457809694794 0.32426003966415207
299.3333333333333 6045.538461538462 0.3541202672605791 0.3863282286911661
454.66666666666663 2520.4210526315787 0.33870967741935487 0.5835417831052879
251.33333333333331 1728.1818181818182 0.3978779840848807 0.5378885651471285
515.3333333333334 5509.090909090909 0.34540750323415265 0.2572275090785437
611.3333333333334 7930.384615384615 0.34841875681570333 0.4623982747090327
563.1428571428571 7741.125 0.3569254185692542 0.2575601896473078
347.1428571428571 4649.066666666667 0.34855967078189304 0.5579866896150549
598.4761904761905 10481.48 0.3191438574156588 0.3429713890716644
371.3333333333333 5649.0625 0.40933572710951527 0.4837277252245466
418.95238095238096 4155.055555555556 0.3508751989088429 0.2946908903828464
287.8095238095238 9588.0 0.3752481800132363 0.526938738554852
443.1428571428571 12581.21052631579 0.37685364281108963 0.23975766478189456
491.3333333333333 2714.714285714286 0.3276797829036635 0.4499783129322606
395.1428571428571 4923.0 0.35936370209689084 0.3900216852219244
598.4761904761905 20181.44 0.28238383195416933 0.29409138827419656
670.6666666666666 5111.821428571428 0.3414512922465209 0.2576228496401811
515.3333333333334 7088.363636363636 0.33764553686934023 0.27248151119852865
395.3333333333333 4196.64705882353 0.34907251264755484 0.33220603528757
430.4761904761905 5824.111111111111 0.3438053097345133 0.7262412316453623
263.8095238095238 3145.6363636363635 0.33357400722021663 0.5866852871471347
515.3333333333334 13670.272727272728 0.32988357050452777 0.3694578604685161
467.1428571428571 7167.4 0.3724770642201835 0.44324688109863297
443.3333333333333 1180.8947368421052 0.3315789473684211 0.6060664425306946
502.2857142857142 5084.857142857143 0.3563708759954494 0.3038677512803642
550.6666666666666 5128.695652173913 0.31779661016949157 0.4272979109915016
467.3333333333333 3607.45 0.29529243937232524 0.43270277955731257
515.1428571428571 6828.045454545455 0.3474764281752635 0.4916767168046246
311.8095238095238 7480.307692307692 0.3527794746487477 0.46058535266415895
383.8095238095238 3796.75 0.35173697270471466 0.8327263677409855
323.3333333333333 2772.214285714286 0.34948453608247426 0.3660695589240871
646.6666666666666 3412.814814814815 0.37422680412371134 0.37139439137690616
431.8095238095238 3090.1111111111113 0.3288486987207764 0.7817563733846482
622.6666666666666 4837.576923076923 0.3035331905781585 0.3504404282443537
274.95238095238096 6495.833333333333 0.3527883616210599 0.2668656578904751
358.4761904761905 7111.866666666667 0.35706695005313493 0.3077257699252039
131.33333333333331 2516.5 0.5253807106598986 0.4359670122063332
443.3333333333333 11911.578947368422 0.37894736842105264 0.2859119294168951
347.1428571428571 4586.666666666667 0.34567901234567905 0.3568769179694304
347.1428571428571 3369.6 0.354320987654321 0.6134603490104493
683.3333333333334 3642.0 0.3029268292682927 0.5530974297006586
526.4761904761905 4588.181818181818 0.31340448625180894 0.29291365918648826
299.1428571428571 2929.230769230769 0.35768863419293223 0.5200116434823627
334.66666666666663 4315.285714285715 0.3914342629482072 0.4897016515203344
491.3333333333333 3354.3333333333335 0.39280868385345996 0.3257909858737115
