383.8095238095238 1968.25 0.09640198511166254 1.0
406.66666666666663 926.0 0.09344262295081968 1.0
143.8095238095238 729.0 0.18079470198675499 1.0
286.66666666666663 3175.6666666666665 0.1116279069767442 1.0
23.809523809523807 3839.0 0.6300000000000001 1.0
166.66666666666666 1169.5 0.14400000000000002 1.0
23.809523809523807 2403.0 0.6300000000000001 1.0
323.3333333333333 8634.333333333334 0.09278350515463918 1.0
143.8095238095238 2132.5 0.15298013245033115 1.0
166.66666666666666 2208.5 0.132 1.0
23.809523809523807 555.0 0.7140000000000001 1.0
23.809523809523807 3273.0 0.546 1.0
166.66666666666666 5277.0 0.156 1.0
83.33333333333333 5563.0 0.14400000000000002 1.0
83.33333333333333 1093.0 0.18000000000000002 1.0
83.33333333333333 3096.0 0.132 1.0
143.8095238095238 4540.0 0.16688741721854305 1.0
83.33333333333333 1496.0 0.14400000000000002 1.0
23.809523809523807 4796.0 0.6300000000000001 1.0
143.8095238095238 4310.0 0.13211920529801327 1.0
23.809523809523807 4868.0 0.5880000000000001 1.0
166.66666666666666 2269.5 0.132 1.0
286.66666666666663 4378.666666666667 0.11860465116279072 1.0
83.33333333333333 5723.0 0.14400000000000002 1.0
23.809523809523807 2548.0 0.5880000000000001 1.0
23.809523809523807 3156.0 0.5880000000000001 1.0
406.66666666666663 3427.0 0.09344262295081968 1.0
143.8095238095238 2513.5 0.16688741721854305 1.0
83.33333333333333 2045.0 0.156 1.0
286.66666666666663 1895.3333333333333 0.09069767441860466 1.0
143.8095238095238 1205.0 0.18774834437086094 1.0
203.33333333333331 2930.0 0.10327868852459017 1.0
23.809523809523807 3991.0 0.6300000000000001 1.0
143.8095238095238 3202.0 0.1599337748344371 1.0
83.33333333333333 1772.0 0.228 1.0
23.809523809523807 5143.0 0.6300000000000001 1.0
83.33333333333333 1838.0 0.156 1.0
143.8095238095238 7803.5 0.18079470198675499 1.0
143.8095238095238 3145.0 0.1599337748344371 1.0
263.8095238095238 2507.6666666666665 0.13267148014440433 1.0
263.8095238095238 2143.3333333333335 0.11371841155234658 1.0
286.66666666666663 4075.6666666666665 0.09767441860465118 1.0
83.33333333333333 1240.0 0.18000000000000002 1.0
263.8095238095238 1018.0 0.09855595667870036 1.0
263.8095238095238 3244.6666666666665 0.08718411552346571 1.0
23.809523809523807 997.0 0.546 1.0
23.809523809523807 3290.0 0.546 1.0
166.66666666666666 2542.5 0.14400000000000002 1.0
383.8095238095238 2222.75 0.09640198511166254 1.0
83.33333333333333 12291.0 0.14400000000000002 1.0
646.6666666666666 4306.833333333333 0.09278350515463918 1.0
23.809523809523807 1115.0 0.42000000000000004 1.0
143.8095238095238 2564.5 0.19470198675496692 1.0
83.33333333333333 762.0 0.192 1.0
143.8095238095238 2072.0 0.16688741721854305 1.0
143.8095238095238 3880.5 0.13211920529801327 1.0
23.809523809523807 1260.0 0.5040000000000001 1.0
143.8095238095238 1248.0 0.18774834437086094 1.0
23.809523809523807 2123.0 0.7140000000000001 1.0
23.809523809523807 658.0 0.546 1.0
503.8095238095238 4417.8 0.07939508506616258 1.0
23.809523809523807 3753.0 0.4620000000000001 1.0
143.8095238095238 2203.0 0.17384105960264903 1.0
23.809523809523807 2631.0 0.4620000000000001 1.0
263.8095238095238 2927.6666666666665 0.12509025270758123 1.0
23.809523809523807 4257.0 0.798 1.0
503.8095238095238 3110.2 0.08137996219281664 1.0
323.3333333333333 2271.6666666666665 0.11134020618556702 1.0
23.809523809523807 3023.0 0.5880000000000001 1.0
490.0 3386.2 0.11020408163265306 1.0
143.8095238095238 3999.0 0.18079470198675499 1.0
23.809523809523807 1718.0 0.7560000000000001 1.0
23.809523809523807 862.0 0.7560000000000001 1.0
526.6666666666666 1507.6 0.07974683544303798 1.0
406.66666666666663 2631.0 0.08852459016393444 1.0
143.8095238095238 2728.5 0.17384105960264903 1.0
286.66666666666663 3596.6666666666665 0.1290697674418605 1.0
83.33333333333333 3170.0 0.168 1.0
263.8095238095238 4312.0 0.12509025270758123 1.0
263.8095238095238 7262.333333333333 0.11371841155234658 1.0
23.809523809523807 2940.0 0.546 1.0
23.809523809523807 4420.0 0.6300000000000001 1.0
203.33333333333331 6416.0 0.12295081967213116 1.0
23.809523809523807 2741.0 0.546 1.0
83.33333333333333 1261.0 0.132 1.0
23.809523809523807 1327.0 0.5880000000000001 1.0
203.33333333333331 2498.5 0.11803278688524592 1.0
83.33333333333333 2594.0 0.156 1.0
83.33333333333333 1671.0 0.132 1.0
23.809523809523807 5040.0 0.5880000000000001 1.0
83.33333333333333 1066.0 0.132 1.0
83.33333333333333 3424.0 0.156 1.0
23.809523809523807 3058.0 0.546 1.0
83.33333333333333 1946.0 0.10800000000000001 1.0
23.809523809523807 1151.0 0.7140000000000001 1.0
23.809523809523807 835.0 0.6300000000000001 1.0
143.8095238095238 2843.5 0.17384105960264903 1.0
383.8095238095238 6195.5 0.09379652605459057 1.0
683.3333333333334 2097.0 0.0848780487804878 1.0
286.66666666666663 2800.3333333333335 0.10813953488372094 1.0
