646.2882860107477 10570.515151515152 0.4347904891398991 0.22465032220984868
438.3704455083093 3818.0 0.31480224411566593 0.631134425477194
582.1285480420806 7188.04347826087 0.3366953925541402 0.9492217766021614
680.0207361768427 7784.971428571429 0.3632242178211555 0.41330740933293103
663.2870060248634 6734.1612903225805 0.3754031026361855 0.40878403663618945
571.9965513064105 6661.785714285715 0.3758763921022795 0.33349225943105226
436.5000410356713 5293.0 0.44215345213272916 0.4203660635457135
638.0366691347077 3888.6388888888887 0.42944240238040426 0.5099615778326256
516.1526739401463 2356.9375 0.26155051947992963 0.7304203226719345
379.8742553102734 5527.7 0.4001324066455874 0.5167451048313765
352.2636188169075 3857.0666666666666 0.343492752406234 0.6938862594696508
424.07817022357585 1264.2307692307693 0.25702808504039415 0.5581026184603426
344.30591261731166 9444.478260869566 0.5489304513049977 0.6252234883575576
405.45012524759727 1830.9615384615386 0.5031444986616364 0.45540051040603335
231.31667790453048 6816.9 0.38907700393806016 0.5602812723591583
308.30133617747816 5710.823529411765 0.48329339680262035 0.43310564509327465
329.6532871207695 6194.944444444444 0.5005258750523296 0.6320105298495484
461.21169419454225 7925.208333333333 0.4553223663739553 0.3832936037752053
410.4474812867157 2146.75 0.3435275069979179 0.3893647056192113
519.6406164135891 1749.25 0.39065460548686115 0.6953547296589844
695.4952156522303 8811.708333333334 0.2127980130836798 0.37665602138034093
261.5172162688935 2581.5 0.4473892834638463 0.5561033377054919
209.63907989299074 3205.5714285714284 0.2909762818608876 0.6027591506679474
410.95194713550484 1075.642857142857 0.29687169229976285 0.4671790667856309
263.1778981639033 1132.4166666666667 0.3837708284192569 0.8282418990432764
442.46041863404105 4810.038461538462 0.5017397955852322 0.402923462334735
486.32767977479125 4128.041666666667 0.4194702635360347 0.31103784268098095
327.4879397038794 5816.090909090909 0.2687121854916893 0.49361664622314927
606.103265419466 6081.041666666667 0.3035786317248416 0.40619747984432736
160.38715510405885 3956.6666666666665 0.1558728314856639 0.5480232494372316
364.1070996549425 3102.818181818182 0.26640513214909867 0.9327688362221437
465.492936717259 2257.590909090909 0.3866868555931112 0.49174000543208224
584.4900807105937 5061.933333333333 0.3798182506880246 0.5538682092291239
520.413814575265 5378.391304347826 0.3843095521267623 0.6098559108659116
462.9334349789391 8716.722222222223 0.3909849371934747 0.5614311127551684
319.06208311086766 8156.555555555556 0.4889330580399713 0.6502960107153807
396.69165133052456 8892.0625 0.3705648946907612 0.357870832932769
322.8219107424831 10545.136363636364 0.5266061389978265 0.7850928147892393
383.254641135984 11489.392857142857 0.589686270543589 0.7145865793292073
421.18882597698354 9491.611111111111 0.3703801961938203 0.41328173728681894
447.49811226416074 5041.5 0.3396662373187253 0.5534833710177809
347.19046438716225 17236.277777777777 0.42627898856968854 0.4274996295169676
703.0413635294544 18723.96153846154 0.31150371992419024 0.31348928203284615
582.4286633509082 19447.3125 0.513367591285347 0.37370485708139906
553.8074505229594 3601.12 0.440586344169966 0.5084467274091735
480.4495811127695 5550.136363636364 0.3559166387531171 0.5668194307352207
527.5293929592788 17213.59259259259 0.45684658185217625 0.6195672508832515
560.6067730561336 10851.57142857143 0.5476209256737967 0.4467724335494813
499.12320096012803 4386.04 0.4387694252215188 0.5131360842196722
506.48168074594577 4665.6 0.30208397621541166 0.3217196516973715
453.68802034514965 4644.473684210527 0.43201493363410876 0.3701334271997789
541.2396537157614 5570.0 0.23464651772668452 0.4181689031505253
319.3389076830028 4244.411764705882 0.4290113002327777 0.8145441386193195
606.420173341593 7357.814814814815 0.36443378653155717 0.5164423447502785
645.1183131118038 3974.25 0.2976198258484796 0.8069591506320565
566.7597238506823 9669.833333333334 0.3511188103627989 0.7250586800430582
598.8886794956995 4613.548387096775 0.3857144205739804 0.3992008608666836
484.227828988516 2589.6 0.27466409825684396 0.3153146487409571
577.2298033024442 14965.384615384615 0.3586093420951459 0.46337126451374766
464.22257895239494 4142.363636363636 0.3683577829968837 0.35378339685289395
415.76039562128653 13385.57142857143 0.25014407599980476 1.0
527.3992704422218 10998.133333333333 0.5460758407164905 0.4776869012203196
419.13731511381366 5299.739130434783 0.4962574137392638 0.44106730625921464
689.5644086802296 5362.304347826087 0.2537833997768763 0.5496438287232377
783.2961457406465 8479.17857142857 0.3229940570699165 0.37545891856597907
515.7078067977628 6616.966666666666 0.5526385217429218 0.4895250281576539
395.7129466208732 8830.684210526315 0.38917099204122113 0.28472301945553014
552.0599978208234 8700.074074074075 0.43654675388782466 0.6138979769324026
517.6435025643046 9282.047619047618 0.37284347054278816 0.5071190324813893
243.86698940855663 2879.6 0.41826079145593903 0.38368978403209086
464.30197686999986 2987.95 0.3467570848725429 0.3270305179220394
591.0806386553508 1859.1875 0.22501159960603967 0.9583858102434929
630.7928724123921 2898.5 0.38998538309287223 0.8712166298778832
463.11143433792154 6055.333333333333 0.4664104230309068 0.5820612876157228
565.0340565605816 8289.826086956522 0.30086682037328316 0.41412591035408647
607.6841172891849 9852.5 0.3357007270652763 0.3296774805841996
342.4600244822844 5769.611111111111 0.41756698527421104 0.6246271261474377
319.94011549588436 4269.476190476191 0.5563541155947659 0.7937476557381143
495.35824219332693 8277.478260869566 0.42797309490867674 0.7143949763915084
424.05960151035714 6618.952380952381 0.4339012708229082 0.6277629877975626
295.5279958446426 2949.0 0.4500419651271122 0.3855377933823392
457.23968954863574 5902.578947368421 0.3236814375105937 0.2751087798853354
394.59261519247013 6949.32 0.6183592662548545 0.6336794728316543
369.0650941242001 4922.277777777777 0.5012665866952529 0.7255681555071026
523.9761602541611 9497.533333333333 0.24428592311892974 0.231612439553634
404.25823031843686 3421.375 0.20531431094085667 0.9194086605618501
589.7523171633734 3300.4074074074074 0.3645598223914068 0.5121324180694249
409.401976544619 5255.681818181818 0.4787470780044922 0.4085025399597359
337.228829208703 4583.545454545455 0.596034450766384 0.5181114089708353
251.64044049873343 2141.6666666666665 0.4967405070196941 0.3789608458994837
377.12830968374783 1935.4615384615386 0.2784198303438182 0.38393734433823706
621.9151818066017 3289.9310344827586 0.38268884079760473 0.26051435546287177
818.6790535457422 1497.1818181818182 0.3126988517554596 0.7667942500149021
528.4152643529702 1492.4 0.2895450043203128 0.8033160579805992
408.3894993055301 5991.384615384615 0.30118306227060826 0.6894192671922639
263.97860160717704 3268.9411764705883 0.5265578314065168 0.2566963464064474
427.45333713927687 4118.333333333333 0.45852958199303384 0.5624545477578418
563.0420891256732 2630.1176470588234 0.21845613742837955 0.6553738631568395
361.79890608190817 1551.4666666666667 0.32614802868775344 0.6720346138953952
340.2974001819043 4004.222222222222 0.48486999874756626 0.5586255981030006
