583.4413425830801 1417.741935483871 1.9436401180955432 0.3843063661498974
503.6505339394501 1107.5454545454545 1.5526638955057945 0.6841473105145176
508.48999152454076 1049.8695652173913 1.57721885065125 0.7643338140634048
266.7240989876777 1111.4117647058824 2.2045252087520026 0.9659077776493701
266.15464723691844 834.6363636363636 1.4653135087017295 0.4357101915097648
432.2621684039374 973.9 1.6078205561365277 0.5863117608771009
326.9760843181284 1443.9333333333334 1.6943135188474234 0.5403420185112222
377.85464146026357 1422.75 1.5323352857659407 0.48105531969660387
498.7725794092874 1094.1666666666667 1.6640850645458418 0.8024604269588607
522.6729470971229 1107.75 0.7806028650726887 0.4625510974109111
349.46084605437596 1369.2 1.4965911228825373 0.5244485777928988
438.93701433018424 1045.875 1.3236523260327069 0.3366934703418768
538.8546737562783 1230.6190476190477 1.3732830687754207 0.5343366259147203
346.465840296803 1123.625 0.7908427559994818 0.6917474246465857
269.26088362761544 1458.5 1.5821087499257889 0.44498195624811093
476.2841673476629 1319.88 1.8791302784303894 0.5448580316929449
545.8082615604516 1568.75 1.8522988221350432 0.7557335590756428
306.2384761519851 1195.5333333333333 1.5967947794950201 0.6831964177914631
604.9081776660709 1355.8461538461538 1.552301712340809 0.8876024849053565
376.07790025654595 871.1538461538462 1.2337869353223812 0.5223560724197436
414.1561675225424 971.1 1.6950127875659136 0.4358335881933857
